$OpenBSD: patch-rxvt2_grkelot_c,v 1.1 2004/01/04 21:46:27 espie Exp $
--- rxvt2/grkelot.c.orig	2004-01-04 22:40:26.000000000 +0100
+++ rxvt2/grkelot.c	2004-01-04 22:41:33.000000000 +0100
@@ -111,27 +111,27 @@ static int GreekMode = GREEK_ELOT928;
  * more flexibly.
  */
 /* elot 928 xlations */
-static char elot_xlat_plain[] =	"65-122:193,194,216,196,197,214,195,199,201,206,202,203,204,205,207,208,81,209,211,212,200,217,87,215,213,198,91,92,93,94,95,96,225,226,248,228,229,246,227,231,233,238,234,235,236,237,239,240,113,241,243,244,232,249,2
-42,247,245,230";
+static char elot_xlat_plain[] =	"65-122:193,194,216,196,197,214,195,199,201,206,202,203,204,205,207,208,81,209,211,212,200,217,87,215,213,198,91,92,93,94,95,96,225,226,248,228,229,246,227,231,233,238,234,235,236,237,239,240,113,241,243,244,232,249,2\n"
+"42,247,245,230";
 /* c and s give copyright and section sign */
-static char elot_xlat_acc[] = "65-122:182,194,216,196,184,214,195,185,186,206,202,203,204,205,188,208,81,209,211,212,200,191,87,215,190,198,91,92,93,94,95,96,220,226,"/*248*/"169,228,221,246,227,222,223,238,234,235,236,237,252,240,113,241,"/*243*/"1
-67,244,232,254,242,247,253,230";
+static char elot_xlat_acc[] = "65-122:182,194,216,196,184,214,195,185,186,206,202,203,204,205,188,208,81,209,211,212,200,191,87,215,190,198,91,92,93,94,95,96,220,226,"/*248*/"169,228,221,246,227,222,223,238,234,235,236,237,252,240,113,241,"/*243*/"1\n"
+"67,244,232,254,242,247,253,230";
 static char elot_xlat_acc_xtra[] = "46-62:183,47,48,49,50,51,52,53,54,55,56,57,58,59,171,61,187";		/* anw teleia, quotes */
-static char elot_xlat_uml[] =	"65-122:193,194,216,196,197,214,195,199,218,206,202,203,204,205,207,208,81,209,211,212,200,217,87,215,219,198,91,92,93,94,95,96,225,226,248,228,229,246,227,231,250,238,234,235,236,237,239,240,113,241,243,244,232,249,242
-,247,251,230";
-static char elot_xlat_umacc[] =	"65-122:193,194,216,196,197,214,195,199,201,206,202,203,204,205,207,208,81,209,211,212,200,217,87,215,213,198,91,92,93,94,95,96,225,226,248,228,229,246,227,231,192,238,234,235,236,237,239,240,113,241,243,244,232,249,2
-42,247,224,230";
+static char elot_xlat_uml[] =	"65-122:193,194,216,196,197,214,195,199,218,206,202,203,204,205,207,208,81,209,211,212,200,217,87,215,219,198,91,92,93,94,95,96,225,226,248,228,229,246,227,231,250,238,234,235,236,237,239,240,113,241,243,244,232,249,242\n"
+",247,251,230";
+static char elot_xlat_umacc[] =	"65-122:193,194,216,196,197,214,195,199,201,206,202,203,204,205,207,208,81,209,211,212,200,217,87,215,213,198,91,92,93,94,95,96,225,226,248,228,229,246,227,231,192,238,234,235,236,237,239,240,113,241,243,244,232,249,2\n"
+"42,247,224,230";
 
 /* ibm 437 xlations */
-static char i437_xlat_plain[] =	"65-122:128,129,150,131,132,148,130,134,136,141,137,138,139,140,142,143,81,144,145,146,135,151,87,149,147,133,91,92,93,94,95,96,152,153,175,155,156,173,154,158,160,165,161,162,163,164,166,167,113,168,169,171,159,224,1
-70,174,172,157";
-static char i437_xlat_acc[] = 	"65-122:234,129,150,131,235,148,130,236,237,141,137,138,139,140,238,143,81,144,145,146,135,240,87,149,239,133,91,92,93,94,95,96,225,153,175,155,226,173,154,227,229,165,161,162,163,164,230,167,113,168,169,171,159,233,17
-0,174,231,157";
+static char i437_xlat_plain[] =	"65-122:128,129,150,131,132,148,130,134,136,141,137,138,139,140,142,143,81,144,145,146,135,151,87,149,147,133,91,92,93,94,95,96,152,153,175,155,156,173,154,158,160,165,161,162,163,164,166,167,113,168,169,171,159,224,1\n"
+"70,174,172,157";
+static char i437_xlat_acc[] = 	"65-122:234,129,150,131,235,148,130,236,237,141,137,138,139,140,238,143,81,144,145,146,135,240,87,149,239,133,91,92,93,94,95,96,225,153,175,155,226,173,154,227,229,165,161,162,163,164,230,167,113,168,169,171,159,233,17\n"
+"0,174,231,157";
 static char i437_xlat_acc_xtra[] = "46-46:250";		/* anw teleia */
-static char i437_xlat_uml[] =	"65-122:128,129,150,131,132,148,130,134,136,141,137,138,139,140,142,143,81,144,145,146,135,151,87,149,147,133,91,92,93,94,95,96,152,153,175,155,156,173,154,158,228,165,161,162,163,164,166,167,113,168,169,171,159,224,170
-,174,232,157";
-static char i437_xlat_umacc[] =	"65-122:128,129,150,131,132,148,130,134,136,141,137,138,139,140,142,143,81,144,145,146,135,151,87,149,147,133,91,92,93,94,95,96,152,153,175,155,156,173,154,158,42,165,161,162,163,164,166,167,113,168,169,171,159,224,17
-0,174,42,157";
+static char i437_xlat_uml[] =	"65-122:128,129,150,131,132,148,130,134,136,141,137,138,139,140,142,143,81,144,145,146,135,151,87,149,147,133,91,92,93,94,95,96,152,153,175,155,156,173,154,158,228,165,161,162,163,164,166,167,113,168,169,171,159,224,170\n"
+",174,232,157";
+static char i437_xlat_umacc[] =	"65-122:128,129,150,131,132,148,130,134,136,141,137,138,139,140,142,143,81,144,145,146,135,151,87,149,147,133,91,92,93,94,95,96,152,153,175,155,156,173,154,158,42,165,161,162,163,164,166,167,113,168,169,171,159,224,17\n"
+"0,174,42,157";
 
 /*
  * currently ELOT928 and IBM437 are supported; easy to include others
